ProgramInfo
    Version = "S4.24"
    VRC = "V4R24"
    Time = "04/02/2026 10:28:40 AM"
    RobotName = "IR-R7H-90S5-C2H-INT_01741200"
EndProgramInfo
P[100] = 0.000000, 0.000000, 0.000000, 0.000000, 0.000000, 0.000000; 0, 0, 0, 0;0.000000, 0.000000, 0.000000, 0.000000, 0.000000, 0.000000;Name = P1_App;Notes = "T1_W0";
P[101] = 0.000000, 0.000000, 0.000000, 0.000000, 0.000000, 0.000000; 0, 0, 0, 0;0.000000, 0.000000, 0.000000, 0.000000, 0.000000, 0.000000;Name = P1_Wait;Notes = "T1_W0";
P[110] = 0.000000, 0.000000, 0.000000, 0.000000, 0.000000, 0.000000; 0, 0, 0, 0;0.000000, 0.000000, 0.000000, 0.000000, 0.000000, 0.000000;Name = P1_Up;Notes = "T1_W0";
P[111] = 0.000000, 0.000000, 0.000000, 0.000000, 0.000000, 0.000000; 0, 0, 0, 0;0.000000, 0.000000, 0.000000, 0.000000, 0.000000, 0.000000;Name = P1_Down;Notes = "T1_W0";
P[200] = 0.000000, 0.000000, 0.000000, 0.000000, 0.000000, 0.000000; 0, 0, 0, 0;0.000000, 0.000000, 0.000000, 0.000000, 0.000000, 0.000000;Name = P2_App;Notes = "T1_W0";
P[201] = 0.000000, 0.000000, 0.000000, 0.000000, 0.000000, 0.000000; 0, 0, 0, 0;0.000000, 0.000000, 0.000000, 0.000000, 0.000000, 0.000000;Name = P2_Wait;Notes = "T1_W0";
P[210] = 0.000000, 0.000000, 0.000000, 0.000000, 0.000000, 0.000000; 0, 0, 0, 0;0.000000, 0.000000, 0.000000, 0.000000, 0.000000, 0.000000;Name = P2_Up;Notes = "T1_W0";
P[211] = 0.000000, 0.000000, 0.000000, 0.000000, 0.000000, 0.000000; 0, 0, 0, 0;0.000000, 0.000000, 0.000000, 0.000000, 0.000000, 0.000000;Name = P2_Down;Notes = "T1_W0";
P[300] = 0.000000, 0.000000, 0.000000, 0.000000, 0.000000, 0.000000; 0, 0, 0, 0;0.000000, 0.000000, 0.000000, 0.000000, 0.000000, 0.000000;Name = P3_App;Notes = "T1_W0";
P[301] = 0.000000, 0.000000, 0.000000, 0.000000, 0.000000, 0.000000; 0, 0, 0, 0;0.000000, 0.000000, 0.000000, 0.000000, 0.000000, 0.000000;Name = P3_Wait;Notes = "T1_W0";
P[310] = 0.000000, 0.000000, 0.000000, 0.000000, 0.000000, 0.000000; 0, 0, 0, 0;0.000000, 0.000000, 0.000000, 0.000000, 0.000000, 0.000000;Name = P3_Up;Notes = "T1_W0";
P[311] = 0.000000, 0.000000, 0.000000, 0.000000, 0.000000, 0.000000; 0, 0, 0, 0;0.000000, 0.000000, 0.000000, 0.000000, 0.000000, 0.000000;Name = P3_Down;Notes = "T1_W0";
P[400] = 0.000000, 0.000000, 0.000000, 0.000000, 0.000000, 0.000000; 0, 0, 0, 0;0.000000, 0.000000, 0.000000, 0.000000, 0.000000, 0.000000;Name = P4_App;Notes = "T1_W0";
P[401] = 0.000000, 0.000000, 0.000000, 0.000000, 0.000000, 0.000000; 0, 0, 0, 0;0.000000, 0.000000, 0.000000, 0.000000, 0.000000, 0.000000;Name = P4_Wait;Notes = "T1_W0";
P[410] = 0.000000, 0.000000, 0.000000, 0.000000, 0.000000, 0.000000; 0, 0, 0, 0;0.000000, 0.000000, 0.000000, 0.000000, 0.000000, 0.000000;Name = P4_Up;Notes = "T1_W0";
P[411] = 0.000000, 0.000000, 0.000000, 0.000000, 0.000000, 0.000000; 0, 0, 0, 0;0.000000, 0.000000, 0.000000, 0.000000, 0.000000, 0.000000;Name = P4_Down;Notes = "T1_W0";
